zdao_relation_detail表
0015 1
0130 1
0132 1
0140 1
0327 1
0417 3
0418 2
0442 1
0539 1
0603 1
0630 1
0703 2
0727 1
0729 2
0732 1
0738 2
0742 1
0748 1
0753 1
0754 2
0800 3
0801 2
0808 2
0809 1
0810 2
0811 1
0813 2
0814 2
0815 1
0816 1
0817 1
0818 4
0819 2
0820 2
0821 3
0822 3
0823 4
0824 2
0827 2
0828 2
0829 2
0830 1
0831 6
0832 4
0833 1
0835 8
0836 6
0837 13
0838 8
0839 2
0840 9
0841 9
0842 17
0843 5
0844 8
0845 16
0846 3
0847 15
0848 15
0849 4
0850 5
0851 2
0852 4
0854 6
0855 5
0857 1
0858 1
0859 3
0900 1
0901 1
0902 5
0904 3
0905 3
0906 4
0907 3
0908 17
0909 8
0910 10
0911 11
0912 9
0913 17
0914 15
0915 16
0916 8
0917 19
0918 23
0919 15
0920 21
0921 14
0922 13
0923 22
0924 13
0925 13
0926 12
0927 13
0928 2
0929 3
0930 11
0931 8
0932 10
0933 2
0934 8
0937 1
0946 1
0949 1
0950 2
0951 1
0952 1
0953 1
0954 1
0955 4
0957 2
0958 6
0959 1
1003 2
1007 1
1012 1
1013 3
1017 1
1018 1
1020 2
1021 1
1022 2
1025 1
1027 1
1028 1
1031 1
1032 1
1034 1
1036 1
1038 1
1039 1
1041 2
1044 37
1045 1
1047 3
1052 1
1053 2
1055 2
1057 1
1102 1
1108 1
1110 1
1114 2
1116 1
1118 1
1119 1
1120 2
1122 1
1125 1
1128 2
1129 1
1133 138
1138 2
1151 1
1152 5
1154 3
1157 1
1158 2
1159 2
1200 6
1201 1
1202 1
1209 2
1211 2
1212 1
1217 1
1227 1
1228 1
1235 2
1237 3
1238 1
1239 14
1240 11
1241 6
1242 5
1243 5
1244 5
1245 10
1246 6
1247 3
1248 4
1249 4
1250 5
1251 2
1252 4
1253 4
1254 1
1255 3
1256 3
1257 3
1258 4
1259 3
1300 3
1301 1
1302 3
1303 3
1304 11
1305 7
1306 10
1307 8
1308 12
1309 6
1310 1
1311 6
1312 2
1313 15
1314 7
1315 3
1316 6
1317 11
1318 5
1319 8
1320 11
1321 4
1322 3
1323 10
1324 3
1325 5
1326 5
1327 3
1328 5
1329 5
1330 7
1332 4
1334 7
1335 7
1336 9
1337 8
1338 6
1339 4
1340 7
1341 9
1342 4
1343 13
1345 2
1346 2
1347 8
1348 4
1349 3
1350 7
1351 6
1352 1
1353 4
1354 3
1355 5
1356 3
1357 17
1358 9
1359 18
1400 8
1401 13
1402 8
1403 23
1404 15
1405 7
1406 6
1407 12
1408 11
1409 12
1410 14
1411 9
1412 12
1413 7
1414 14
1415 9
1416 19
1417 18
1418 11
1419 25
1420 9
1421 18
1422 5
1423 14
1424 5
1425 16
1426 17
1427 9
1428 10
1429 15
1430 18
1431 3
1432 12
1433 7
1434 12
1435 4
1436 9
1437 9
1438 13
1439 173
1440 20
1441 6
1442 12
1443 23
1444 10
1445 7
1446 11
1447 15
1448 10
1449 19
1450 7
1451 28
1452 10
1453 11
1454 14
1455 19
1456 15
1457 6
1458 6
1459 11
1500 2
1501 11
1502 14
1503 7
1504 16
1505 9
1506 10
1507 9
1508 6
1509 12
1510 10
1511 48
1512 9
1513 10
1514 15
1515 7
1516 6
1517 30
1518 331
1519 138
1520 19
1521 121
1522 171
1523 309
1524 269
1525 158
1526 54
1527 228
1528 579
1529 268
1530 80
1531 390
1532 8
1533 136
1534 79
1535 139
1536 6
1537 6
1538 6
1539 2
1540 14
1541 3
1542 3
1543 10
1544 3
1546 7
1547 5
1548 10
1549 2
1550 17
1551 2
1552 3
1553 8
1554 9
1555 9
1556 3
1557 10
1558 5
1559 8
1601 1
1602 7
1603 7
1604 1
1606 11
1607 7
1608 2
1609 3
1610 1
1611 6
1612 3
1613 4
1614 4
1615 3
1616 2
1617 3
1618 2
1619 4
1620 3
1621 1
1622 3
1623 6
1624 4
1625 4
1626 10
1627 5
1628 2
1629 2
1630 2
1631 4
1632 4
1633 2
1634 6
1635 1
1636 4
1638 5
1639 1
1640 4
1641 1
1642 2
1643 2
1644 2
1645 5
1646 1
1647 5
1648 4
1649 2
1650 4
1651 9
1652 1
1653 2
1654 3
1656 3
1657 2
1658 3
1659 10
1700 2
1701 5
1702 2
1703 9
1704 2
1705 2
1706 1
1707 2
1708 7
1709 4
1710 2
1711 5
1712 9
1713 3
1714 1
1715 3
1716 2
1717 2
1718 6
1719 6
1720 3
1721 2
1722 1
1723 1
1724 4
1726 2
1727 1
1728 3
1729 5
1730 1
1731 1
1732 2
1737 4
1738 2
1739 4
1740 1
1741 1
1742 3
1743 1
1744 2
1747 1
1748 2
1749 2
1750 1
1751 3
1752 2
1753 1
1754 1
1755 3
1756 2
1757 1
1759 4
1800 1
1801 2
1802 1
1807 1
1809 1
1810 2
1811 6
1812 1
1813 3
1814 2
1815 3
1816 2
1817 3
1818 2
1820 2
1824 1
1825 2
1826 2
1828 1
1830 2
1833 1
1834 2
1835 1
1840 7
1842 1
1847 1
1848 3
1850 1
1851 4
1854 1
1857 1
1859 2
1900 1
1903 1
1904 1
1905 1
1907 1
1909 1
1910 4
1912 2
1914 4
1915 1
1917 1
1918 1
1921 1
1922 1
1923 1
1926 2
1927 3
1928 1
1929 3
1930 2
1931 6
1932 5
1933 7
1934 2
1935 1
1936 3
1937 2
1938 3
1939 4
1940 1
1942 2
1943 10
1944 4
1945 4
1946 14
1947 9
1948 2
1949 4
1950 5
1952 1
1953 5
1954 3
1955 5
1956 7
1958 3
1959 9
2000 11
2001 2
2002 4
2003 1
2004 4
2005 3
2006 3
2007 4
2008 1
2009 10
2011 7
2012 2
2013 5
2014 2
2015 1
2016 4
2017 4
2018 1
2019 2
2020 10
2022 4
2024 1
2025 2
2026 7
2027 5
2030 1
2031 1
2033 1
2036 5
2037 2
2038 4
2039 2
2040 1
2041 4
2042 2
2043 1
2044 1
2045 3
2047 1
2048 3
2050 6
2052 1
2053 1
2056 4
2057 4
2058 7
2059 1
2100 7
2101 7
2102 3
2103 6
2104 3
2105 4
2106 10
2107 9
2108 5
2109 8
2110 7
2111 13
2112 4
2113 2
2114 1
2115 3
2118 4
2119 2
2121 1
2122 2
2123 2
2124 3
2125 1
2126 2
2127 1
2128 1
2130 2
2132 3
2133 5
2134 1
2136 1
2137 6
2139 8
2140 1
2141 4
2142 5
2144 1
2145 1
2146 2
2147 2
2148 1
2149 2
2150 4
2151 1
2152 1
2155 1
2156 1
2200 9
2201 4
2202 1
2203 2
2204 5
2205 3
2207 3
2208 4
2209 6
2210 3
2211 3
2212 1
2213 1
2214 6
2215 1
2216 6
2217 4
2218 3
2219 2
2220 3
2221 1
2222 2
2224 7
2225 3
2227 4
2229 2
2230 4
2231 4
2232 1
2233 2
2234 4
2235 2
2236 4
2237 2
2239 3
2240 4
2241 3
2242 2
2243 4
2244 4
2245 1
2246 5
2247 1
2249 3
2251 3
2252 1
2256 1
2257 2
2258 1
2259 1
2300 3
2301 2
2302 1
2304 2
2305 1
2306 5
2307 1
2308 1
2309 4
2310 3
2311 1
2312 5
2313 1
2314 3
2315 3
2316 3
2317 3
2318 2
2320 5
2322 2
2323 1
2324 6
2325 4
2326 3
2327 2
2328 2
2330 1
2332 2
2333 1
2335 2
2339 3
2344 4
2345 11
2346 4
2347 5
2348 2
2349 2
2350 4
2351 2
2352 3
2353 1
2356 1
2358 1